Center (46): 0.046968 -0.080415 -0.185201
     |-0.385  0.923  0.000|
Rz = |-0.923 -0.385  0.000|
     | 0.000  0.000  1.000|
N1=-0.000 0.080 0.142; W1=-0.049 -0.149 0.058
     | 1.000  0.000  0.000|
Rx = | 0.000  0.494  0.869|
     | 0.000 -0.869  0.494|
N2=-0.000 0.163 -0.000; W2=-0.049 -0.024 0.158
     | 0.294  0.000 -0.956|
Ry = | 0.000  1.000  0.000|
     | 0.956  0.000  0.294|
N3=0.000 0.163 -0.000; W3=-0.166 -0.024 -0.000
    |-0.880 -0.048 -0.472|
R = |-0.456 -0.190  0.869|
    |-0.132  0.981  0.145|


Center (48): 0.065520 -0.077255 -0.213781
     |-0.443 -0.896  0.000|
Rz = | 0.896 -0.443  0.000|
     | 0.000  0.000  1.000|
N1=-0.000 0.039 0.176; W1=-0.100 0.130 -0.020
     | 1.000  0.000  0.000|
Rx = | 0.000  0.219  0.976|
     | 0.000 -0.976  0.219|
N2=-0.000 0.180 -0.000; W2=-0.100 0.009 -0.132
     | 0.603  0.000  0.798|
Ry = | 0.000  1.000  0.000|
     |-0.798  0.000  0.603|
N3=-0.000 0.180 -0.000; W3=-0.165 0.009 -0.000
    |-0.965 -0.195  0.175|
R = | 0.196 -0.097  0.976|
    |-0.174  0.976  0.132|
Ready to read...


Center (54): 0.079188 -0.066854 -0.212861
     |-0.720 -0.694  0.000|
Rz = | 0.694 -0.720  0.000|
     | 0.000  0.000  1.000|
N1=0.000 0.035 0.181; W1=-0.134 0.089 0.003
     | 1.000  0.000  0.000|
Rx = | 0.000  0.190  0.982|
     | 0.000 -0.982  0.190|
N2=0.000 0.185 -0.000; W2=-0.134 0.020 -0.087
     | 0.840  0.000  0.543|
Ry = | 0.000  1.000  0.000|
     |-0.543  0.000  0.840|
N3=-0.000 0.185 -0.000; W3=-0.160 0.020 0.000
    |-0.974 -0.200  0.103|
R = | 0.132 -0.137  0.982|
    |-0.182  0.970  0.159|
Ready to read...

Center (47): 0.077259 -0.067988 -0.211068
     |-0.576 -0.817  0.000|
Rz = | 0.817 -0.576  0.000|
     | 0.000  0.000  1.000|
N1=-0.000 0.039 0.177; W1=-0.118 0.111 -0.016
     | 1.000  0.000  0.000|
Rx = | 0.000  0.216  0.976|
     | 0.000 -0.976  0.216|
N2=-0.000 0.181 -0.000; W2=-0.118 0.009 -0.112
     | 0.725  0.000  0.689|
Ry = | 0.000  1.000  0.000|
     |-0.689  0.000  0.725|
N3=-0.000 0.181 -0.000; W3=-0.162 0.009 0.000
    |-0.967 -0.205  0.149|
R = | 0.176 -0.124  0.976|
    |-0.182  0.971  0.156|



